# Created by Octave 3.8.1, Wed May 07 23:00:41 2014 EST <edmar@envy>
# name: saeSoftmaxOptTheta
# type: matrix
# rows: 2000
# columns: 1
 -0.1969075176663656
 -0.1422780235935393
 -0.3520610272091663
 -0.2851903272326796
 1.221850823012924
 -0.1001411470195341
 -0.267547924995532
 -0.07138252802648837
 -0.07910133090738582
 0.2727540632712293
 -0.1902003985954016
 -0.1736085311522501
 -0.1383474749073005
 0.3463417870328613
 -0.04996121142700236
 -0.160793742015455
 -0.1938083751657362
 -0.02624986942509989
 0.7201875713412054
 -0.1335526422170403
 -0.2343088926722811
 -0.07586614950520891
 -0.2355787371661403
 0.01711192897960968
 0.1000589304897723
 0.9450690290452302
 -0.2790826126647069
 -0.06066639408337828
 -0.1758917458214502
 -0.0008391906925152086
 -0.130338077945919
 0.02786347695123868
 0.02807604869581164
 0.05196589698615118
 0.1114511551105849
 -0.02501230202989795
 -0.05385184861076951
 0.07155353594950616
 -0.007012561737512082
 -0.07469798813844693
 -0.1429936898835898
 -0.07182701599909626
 -0.02559287290977879
 -0.3898262511800176
 0.06405582443940645
 -0.1675723015782564
 1.165882615865313
 -0.172633020642016
 -0.2475594841385734
 -0.01193216955318639
 -0.1368945283894818
 0.04836197490224784
 0.06090760492432671
 -0.258290752421551
 -0.05620914331368035
 -0.1418727084770634
 -0.1288014085478891
 0.3283367961647698
 0.2424756707409394
 0.04197734226782218
 -0.1472902524940773
 0.5066661303652973
 -0.1771500173537015
 -0.2473770432959213
 0.01093149744316355
 0.3229447939207148
 -0.1996097086340972
 -0.004077941559016173
 -0.146848828621669
 0.08181122918726362
 0.4030135015957736
 0.02259556165676337
 -0.05566029461893233
 -0.02359431487812708
 -0.1257648430792462
 -0.005023418128738593
 0.02426887669238626
 0.0297570070520126
 -0.1123193468107482
 -0.1572791849579459
 -0.09758435025652056
 0.6650756945340229
 0.07151556895657056
 -0.08398840282178971
 -0.07421975293757291
 0.02972378370298138
 -0.1794484332624621
 -0.200464240300369
 -0.1376328692435721
 0.007033195642309643
 -0.1291391894492931
 0.03024015806579926
 0.02735622852439674
 0.05299354719232197
 0.1086322282369067
 -0.02493005872099155
 -0.05183429657042575
 0.07086628432169899
 -0.007804914564862463
 -0.07636787916624484
 -0.1276511715910992
 0.8416661325346456
 -0.08537448676846059
 -0.006114510899883557
 -0.1758185159148831
 0.03333404483452631
 -0.1570025852465342
 -0.1981700122542096
 0.0009988933648444236
 -0.1258620398940877
 -0.2199948799434485
 0.5367590164839714
 0.5907883467192606
 -0.1869930858884105
 -0.3556091041096996
 -0.1183422493146413
 -0.1084422181952068
 0.05134449867761084
 -0.1171004053538913
 -0.07241334150699259
 -0.1654881927155965
 0.07923989790496214
 0.04571920946107921
 -0.4660734252572702
 -0.05625559342950393
 -0.1661474451106078
 1.28945780176371
 -0.1985692949098531
 -0.2995325217256277
 -0.06234367805767682
 -0.1596961316192479
 -0.2341927146547204
 -0.3479013568053956
 0.7817879992475653
 -0.009862127971672578
 0.792840291229049
 -0.2189117550456596
 -0.01023930180032916
 -0.4495954316365017
 -0.144238788227135
 -0.2203617577081865
 0.5628123918930666
 0.7299021539143041
 -0.1806664658108229
 -0.4142082348300771
 -0.1268837331811623
 -0.107843153481652
 -0.001679979364522021
 -0.1537765561677286
 -0.08729072913346447
 0.5351604140394649
 -0.0328707364198465
 0.06077341205735336
 -0.0804900875676593
 -0.04110997553174406
 -0.07685835747594998
 -0.05544300210941823
 -0.005204364783991246
 -0.1054895025488189
 -0.1984838583166339
 -0.1299986111085654
 -0.2675602320635899
 -0.180242470831037
 0.08738088582677427
 -0.06712108319082659
 0.11168670967761
 0.4943157243639431
 -0.14841548510241
 0.1071297108239584
 -0.007177267441914883
 -0.2079642904098015
 -0.0650149616058087
 -0.2455824528585222
 0.04507028525193777
 0.09576949432828299
 0.8962648623211449
 -0.2683752844192584
 -0.05487185748401307
 -0.1816683882677923
 -0.01359727909493251
 0.1418455217782834
 0.150529186626221
 0.04301725619025276
 -0.2144327807607282
 -0.3213118097525592
 -0.1744812664459595
 -0.1600207112954419
 0.8576255769631858
 -0.154762666672223
 -0.1680085963813203
 -0.1301201843441745
 -0.3102226552676724
 -0.2797973061934624
 0.06383826143505088
 -0.02905141222346298
 0.2223009921921682
 -0.04389699754545284
 -0.04476187493213565
 0.359982173635928
 0.1917257737742126
 -0.1658775000634806
 0.2724915598502874
 -0.09309060356361923
 -0.05229915511370815
 -0.4473177891268978
 -0.1630317774894645
 -0.001743884559781811
 0.2881671849682393
 0.3044532459234492
 0.05825743230451295
 -0.130978149126019
 0.02659225679438192
 0.02496822955892129
 0.05344250687404747
 0.1120714685685655
 -0.02495710103672355
 -0.05348854650124607
 0.06978216145823224
 -0.004576279709648987
 -0.07285513800723407
 -0.1271678392287403
 1.07685579630761
 0.1067223826017479
 -0.1650664455143778
 -0.1268611266843805
 -0.1345538923574946
 -0.113120243880163
 -0.1744689741322999
 -0.212380684148502
 -0.1299663689971353
 0.5517981922185781
 0.07364329795129392
 -0.09420572005326067
 0.05632050572935394
 -0.09595820578898305
 -0.06080258833198392
 -0.01436689199894658
 -0.03094957182044723
 -0.2187383876500127
 -0.1667273572117852
 -0.1478100402680834
 0.5720704569830335
 -0.1720111952192396
 -0.2439812067742108
 -0.03652721543926962
 0.3481141099248282
 -0.1939648174859844
 -0.02330432674296217
 -0.1477089490514352
 0.04514040812051683
 -0.1302018646780468
 0.02771995340685601
 0.02807168571741398
 0.05190018972961025
 0.1111482853533008
 -0.02546534388762763
 -0.05340453655513298
 0.0718500626053399
 -0.006741727262652308
 -0.07487400834126877
 -0.1788472123434227
 -0.06361790846106563
 -0.2530329518018328
 0.07420679665814629
 0.08584252716954766
 0.8539191345555825
 -0.2481824322464577
 -0.05031780784963034
 -0.1888471849642478
 -0.03112203399031968
 -0.2516116493413091
 0.03552073083432362
 0.0005648201086557344
 -0.2358151343899606
 0.1063004156160178
 -0.1932021346169115
 -0.2949874724404433
 1.096062915215916
 -0.15351813935898
 -0.1093127869059747
 -0.1717188369661475
 -0.3739119590209622
 0.5468261148568633
 -0.1431591347673753
 0.7373765859648239
 -0.2052397145460434
 -0.05839560728659274
 -0.03596930862570847
 -0.07032260163400347
 -0.2255012583153544
 -0.09763402931647237
 0.1780504397375909
 0.5757060756884563
 -0.1921865195139437
 -0.01116334997857129
 -0.1971684774648214
 -0.1441797607422566
 -0.1482624533321605
 -0.1256793208166266
 0.1625100871937367
 0.4105539897702061
 0.0267064336253718
 -0.06767567465718836
 -0.0129689645306237
 -0.1285326929831762
 -0.001470215402813716
 0.01681761018152405
 0.03509079683687957
 -0.122383418069946
 -0.1561500884100964
 -0.1305120941902211
 0.02784042906047814
 0.02779467801005578
 0.05201957243732339
 0.1115847713626146
 -0.02462458613236419
 -0.05429218853405028
 0.07165797024748578
 -0.006749281380247617
 -0.07472261459960376
 -0.1304521006994747
 0.02791312964272515
 0.02798174302363531
 0.05157413364314104
 0.1114714038593044
 -0.02507075435559399
 -0.05373814320062315
 0.07167242486493078
 -0.006796950190125653
 -0.07454774757576885
 0.4115003349096138
 0.02730732006619445
 -0.06852095331232766
 -0.01209412961213362
 -0.1288926994352455
 -0.001724742554141551
 0.01666423090921536
 0.03498097928717175
 -0.1232023172761111
 -0.1560249152211373
 0.5506556529525569
 0.07322653787090734
 -0.09284786730688749
 0.05554524943378436
 -0.09268321827600139
 -0.06037149618756287
 -0.01819308168754842
 -0.02842190854030432
 -0.2203691467410092
 -0.1665434112485392
 -0.1828103525911573
 -0.2253844579613826
 1.135672739165104
 -0.1594992340700552
 0.07572496100371265
 -0.2165455335625653
 -0.1912093941872586
 -0.1766981834825262
 -0.05336957793777022
 -0.005878558935540476
 -0.1247431854406768
 0.01155067114643486
 0.07104840804264903
 -0.1174933315010263
 -0.09076127258781427
 0.05444494521968724
 -0.08819505561605921
 -0.1314852773236216
 -0.04465169576167369
 0.4602785099070966
 -0.1625512128976973
 -0.04074286555981782
 -0.1959849691867491
